-18
97
52
-16
-56
-52
28
62
5
42
-52
-21
71
73
-64
-17
-79
32
-7
-6
-40
-71
-52
85
18
-35
53
-53
44
79
-57
35
-43
-7
28
-22
33
-14
14
78
-51
-48
-17
27
39
-49
-12
6
17
93
59
-90
68
69
59
-96
-58
38
-35
-24
12
20
-62
-5
-35
-68
-38
75
-28
31
19
-79
-51
49
-14
31
-74
-90
83
-97
3
-94
-13
-81
-31
51
9
-44
89
81
-81
-92
-56
47
8
-42
28
93
41
68
21
45
-41
-59
8
67
-11
-62
-31
10
28
-38
-38
86
-3
93
-88
25
-24
-27
-51
-72
-2
-16
87
-27
36
83
-58
-41
-19
73
-68
90
-14
-20
88
-20
6
99
10
45
73
-47
1
19
-53
-51
17
43
21
-64
11
97
68
41
-16
13
-14
-61
85
93
-24
-23
8
8
38
-1
36
-81
80
7
47
-22
99
74
-78
79
-58
-30
-9
58
89
-41
74
98
-38
69
23
92
-20
-41
17
-2
-88
-2
76